2573 5.507969856262207e-2
1239 1.98514461517334e-2
1721 3.149127960205078e-2
1222 2.3246288299560547e-2
2157 3.442525863647461e-2
2134 3.336787223815918e-2
1703 2.7931690216064453e-2
1604 2.6662349700927734e-2
6461 0.10391736030578613
6776 0.11413812637329102
1701 2.8865575790405273e-2
1759 2.9410839080810547e-2
8681 0.13474321365356445
2636 6.2467336654663086e-2
2742 6.382608413696289e-2
1268 2.5647640228271484e-2
1125 2.1735668182373047e-2
438 6.690263748168945e-3
714 1.404714584350586e-2
4683 9.357190132141113e-2
6337 9.887480735778809e-2
5372 8.591699600219727e-2
5365 8.044886589050293e-2
3558 6.534481048583984e-2
3553 5.713987350463867e-2
4654 8.128857612609863e-2
4646 7.776403427124023e-2
4604 7.910680770874023e-2
4621 7.933354377746582e-2
5846 0.10128998756408691
5194 6.972694396972656e-2
2060 3.660178184509277e-2
1863 3.258800506591797e-2
268 5.053520202636719e-3
272 4.574298858642578e-3
5165 8.215999603271484e-2
5180 8.261632919311523e-2
2411 4.644918441772461e-2
2820 4.347062110900879e-2
3764 6.111574172973633e-2
3916 7.072639465332031e-2
254 4.923105239868164e-3
294 6.563425064086914e-3
2248 3.6036014556884766e-2
2299 3.582406044006348e-2
8966 0.13860654830932617
8961 0.14985013008117676
4937 7.723569869995117e-2
5010 7.911944389343262e-2
6797 0.16181182861328125
6748 0.16402268409729004
4116 6.583404541015625e-2
4137 7.161664962768555e-2
9838 0.16045784950256348
2844 4.606485366821289e-2
2844 4.5998334884643555e-2
5646 9.174108505249023e-2
5721 9.310388565063477e-2
136 2.080678939819336e-3
193 3.790140151977539e-3
106 1.6965866088867188e-3
106 1.6379356384277344e-3
784 1.3483524322509766e-2
825 1.311349868774414e-2
8868 0.14226412773132324
8861 0.1462392807006836
1489 2.341175079345703e-2
1489 2.3710012435913086e-2
2193 3.499579429626465e-2
2223 3.483915328979492e-2
6325 9.790158271789551e-2
6325 0.10156536102294922
4728 7.771611213684082e-2
4599 7.47983455657959e-2
5198 8.85622501373291e-2
5245 8.461499214172363e-2
9834 0.15818214416503906
374 5.93256950378418e-3
654 1.0626554489135742e-2
9417 0.18073821067810059
8044 0.12469172477722168
7943 0.1267249584197998
7895 0.12699246406555176
2795 4.99424934387207e-2
2820 4.651618003845215e-2
8608 0.13395977020263672
8596 0.12391495704650879
2204 3.6132097244262695e-2
2192 3.395962715148926e-2
2436 4.1185855865478516e-2
2436 3.916501998901367e-2
2514 4.101371765136719e-2
2514 4.18550968170166e-2
2380 4.026007652282715e-2
2380 3.775501251220703e-2
2874 4.9179792404174805e-2
2874 4.7025442123413086e-2
2372 3.95658016204834e-2
2408 4.0747880935668945e-2
2220 3.762626647949219e-2
2256 3.696155548095703e-2
2547 4.0582895278930664e-2
2651 4.207897186279297e-2
5515 9.068560600280762e-2
5460 9.088659286499023e-2
2790 4.8360347747802734e-2
3037 5.109262466430664e-2
6767 0.11199498176574707
7047 0.11887764930725098
291 4.906892776489258e-3
256 3.7424564361572266e-3
2426 3.9847612380981445e-2
2414 3.9913177490234375e-2
842 1.2906074523925781e-2
862 1.2850046157836914e-2
2139 3.707408905029297e-2
2292 3.889608383178711e-2
6318 0.10097932815551758
6315 0.10579109191894531
7944 0.1368398666381836
7258 0.11784696578979492
2245 3.760981559753418e-2
2322 3.86810302734375e-2
3174 5.5399179458618164e-2
2770 4.495668411254883e-2
2281 3.649187088012695e-2
2370 3.863406181335449e-2
7705 0.13069725036621094
7954 0.13650846481323242
3554 5.969524383544922e-2
3393 5.767560005187988e-2
4907 7.841300964355469e-2
4822 7.753300666809082e-2
3488 5.787491798400879e-2
3362 5.40003776550293e-2
4238 7.044720649719238e-2
3909 6.26974105834961e-2
8560 0.1403486728668213
8560 0.14069557189941406
2161 5.3894996643066406e-2
2486 3.577160835266113e-2
1871 3.565216064453125e-2
1845 3.073883056640625e-2
2524 4.327106475830078e-2
2412 4.228544235229492e-2
5511 8.98747444152832e-2
3602 7.642197608947754e-2
2376 3.694939613342285e-2
5621 0.12555432319641113
806 1.1979103088378906e-2
806 1.3826608657836914e-2
825 1.3441801071166992e-2
822 1.2827157974243164e-2
520 6.1910152435302734e-3
520 7.521867752075195e-3
605 9.254217147827148e-3
602 8.000373840332031e-3
587 9.803056716918945e-3
584 6.722211837768555e-3
408 5.1190853118896484e-3
408 5.738258361816406e-3
820 1.0642051696777344e-2
820 1.3568878173828125e-2
538 6.330728530883789e-3
538 6.594181060791016e-3
571 8.887290954589844e-3
568 6.646633148193359e-3
434 5.486488342285156e-3
434 4.895687103271484e-3
571 8.651256561279297e-3
568 7.505655288696289e-3
3570 8.261775970458984e-2
218 4.631757736206055e-3
3689 5.905413627624512e-2
3673 5.828094482421875e-2
2577 4.954123497009277e-2
1936 4.7281503677368164e-2
5380 8.627462387084961e-2
3386 7.263851165771484e-2
2474 4.6398162841796875e-2
2479 3.997349739074707e-2
7149 0.11913871765136719
7982 0.13542532920837402
8574 0.1371603012084961
8701 0.1381685733795166
5654 9.887361526489258e-2
4941 8.045554161071777e-2
2326 3.653907775878906e-2
2273 4.205489158630371e-2
9688 0.1608879566192627
9789 0.1598832607269287
9995 0.16604137420654297
5019 8.334875106811523e-2
5060 8.446860313415527e-2
2541 4.291200637817383e-2
2541 4.310178756713867e-2
5493 8.99507999420166e-2
3405 7.16853141784668e-2
9648 0.15646123886108398
9546 0.16163253784179688
2402 3.98097038269043e-2
2414 4.2354583740234375e-2
1949 3.302264213562012e-2
1949 3.29747200012207e-2
9423 0.15731382369995117
9829 0.1673741340637207
3426 7.300329208374023e-2
5512 8.753108978271484e-2
2098 5.151987075805664e-2
3286 5.430006980895996e-2
2525 4.299616813659668e-2
2551 4.09550666809082e-2
1604 2.484440803527832e-2
1517 2.62296199798584e-2
922 2.1190881729125977e-2
832 1.9306182861328125e-2
7898 0.12848353385925293
7220 0.11328005790710449
4570 7.997655868530273e-2
4326 7.068800926208496e-2
2272 3.876924514770508e-2
2306 3.776860237121582e-2
7272 0.12024140357971191
8067 0.13924360275268555
1648 2.5211811065673828e-2
1533 3.4333229064941406e-2
9489 0.15345311164855957
9416 0.15422868728637695
2535 4.29835319519043e-2
2474 4.244279861450195e-2
1537 2.4491548538208008e-2
2291 4.1692256927490234e-2
1537 2.356863021850586e-2
2181 3.942608833312988e-2
1482 2.116227149963379e-2
1832 3.208518028259277e-2
3246 5.065345764160156e-2
3252 5.205893516540527e-2
2667 4.496407508850098e-2
2736 4.3601274490356445e-2
2476 4.398083686828613e-2
2316 3.943300247192383e-2
2868 4.962444305419922e-2
2018 4.774618148803711e-2
3470 5.898404121398926e-2
2430 6.205129623413086e-2
2844 5.03849983215332e-2
1998 4.7954559326171875e-2
2918 5.0229549407958984e-2
2035 5.025887489318848e-2
2868 5.0348520278930664e-2
2018 4.951119422912598e-2
3292 5.429553985595703e-2
2352 5.462288856506348e-2
5434 9.252166748046875e-2
5378 8.914828300476074e-2
2633 4.561448097229004e-2
2590 4.633045196533203e-2
500 9.945869445800781e-3
508 7.363557815551758e-3
750 1.2324094772338867e-2
758 1.1327743530273438e-2
1520 2.3014068603515625e-2
1516 2.413344383239746e-2
1542 2.352118492126465e-2
1542 2.7247190475463867e-2
1520 2.3145198822021484e-2
1516 2.3751258850097656e-2
1460 2.2236347198486328e-2
1456 2.4169206619262695e-2
2869 4.776954650878906e-2
3001 5.069136619567871e-2
4692 7.879781723022461e-2
4850 8.545517921447754e-2
2725 4.43418025970459e-2
2725 4.41286563873291e-2
4514 7.102465629577637e-2
3345 6.200218200683594e-2
3243 5.193328857421875e-2
3285 6.2011003494262695e-2
1003 1.9287824630737305e-2
1779 3.079390525817871e-2
4742 8.024883270263672e-2
5167 9.121155738830566e-2
3677 5.948472023010254e-2
3867 6.60254955291748e-2
2839 4.33812141418457e-2
3474 6.2196969985961914e-2
4873 8.037471771240234e-2
5814 0.10535693168640137
3771 6.018471717834473e-2
3963 6.735968589782715e-2
3998 6.648516654968262e-2
3998 6.615400314331055e-2
4381 8.462142944335938e-2
3726 6.05311393737793e-2
6838 0.11384415626525879
6838 0.11076569557189941
3998 6.587481498718262e-2
3998 6.708455085754395e-2
6294 0.10548138618469238
7699 0.13380098342895508
344 6.295204162597656e-3
340 6.314516067504883e-3
1945 3.270459175109863e-2
2000 3.468918800354004e-2
591 9.444236755371094e-3
1043 2.252960205078125e-2
1787 2.9034137725830078e-2
2032 3.5155534744262695e-2
1945 3.222846984863281e-2
2000 3.367257118225098e-2
2343 4.06801700592041e-2
2265 3.85289192199707e-2
2112 4.6416521072387695e-2
1043 1.9786834716796875e-2
1783 4.010438919067383e-2
1744 2.594161033630371e-2
6945 0.11617922782897949
6908 0.11522364616394043
12 5.991458892822266e-4
12 6.608963012695313e-4
9832 0.1593465805053711
12 5.98907470703125e-4
12 6.361007690429688e-4
4448 7.203984260559082e-2
4363 6.96866512298584e-2
3831 6.822323799133301e-2
3641 6.024670600891113e-2
341 7.179737091064453e-3
338 6.3669681549072266e-3
3927 6.928229331970215e-2
3735 6.282448768615723e-2
1750 2.8340816497802734e-2
1721 3.0059099197387695e-2
4243 7.875871658325195e-2
5031 9.343075752258301e-2
7464 0.13955450057983398
4892 8.969926834106445e-2
4880 9.317469596862793e-2
2222 4.0940284729003906e-2
2207 4.0044307708740234e-2
820 1.4442920684814453e-2
793 1.6032934188842773e-2
12 7.028579711914063e-4
12 5.881786346435547e-4
1756 2.959895133972168e-2
1738 2.592754364013672e-2
12 7.481575012207031e-4
12 8.258819580078125e-4
2658 4.53639030456543e-2
2640 3.71096134185791e-2
1313 2.3192167282104492e-2
1318 2.0672082901000977e-2
500 9.089469909667969e-3
632 9.274959564208984e-3
318 5.162954330444336e-3
314 5.2640438079833984e-3
6151 0.11227226257324219
5348 0.10132503509521484
1006 1.619577407836914e-2
1006 1.739978790283203e-2
6458 0.1078348159790039
6500 0.10916495323181152
344 5.845069885253906e-3
344 5.881309509277344e-3
1190 2.041316032409668e-2
1012 1.6342878341674805e-2
4482 9.87091064453125e-2
2666 6.444597244262695e-2
4886 8.632731437683105e-2
5487 9.875178337097168e-2
1997 3.452324867248535e-2
2007 3.352856636047363e-2
4211 7.511401176452637e-2
4265 7.471561431884766e-2
7261 0.12601304054260254
7346 0.12715482711791992
3814 6.277799606323242e-2
3814 6.2178850173950195e-2
7974 0.17077374458312988
7972 0.16629385948181152
4968 8.101487159729004e-2
4964 8.30385684967041e-2
2846 6.041455268859863e-2
2932 6.515169143676758e-2
2187 3.823518753051758e-2
2142 4.09388542175293e-2
7766 0.12944865226745605
7971 0.12996768951416016
9384 0.15656685829162598
9996 0.16567230224609375
2164 3.591203689575195e-2
2528 5.857729911804199e-2
744 1.092529296875e-2
744 1.1873245239257813e-2
929 2.007579803466797e-2
929 2.029561996459961e-2
647 1.601386070251465e-2
757 1.7589092254638672e-2
2067 3.37982177734375e-2
2053 3.429269790649414e-2
559 9.743452072143555e-3
909 1.6893386840820313e-2
2269 4.6922922134399414e-2
1671 2.3049116134643555e-2
2802 4.64634895324707e-2
2911 4.639554023742676e-2
8121 0.131805419921875
8091 0.1345827579498291
2771 4.507946968078613e-2
2730 6.0579776763916016e-2
512 7.272005081176758e-3
689 1.4317750930786133e-2
2424 3.867006301879883e-2
3062 5.7694196701049805e-2
2178 3.7998199462890625e-2
2391 4.1784048080444336e-2
3120 5.546259880065918e-2
2109 4.792380332946777e-2
3008 5.408143997192383e-2
3031 5.788064002990723e-2
1157 2.1988868713378906e-2
1060 1.6572952270507813e-2
6423 0.1253526210784912
4264 7.231688499450684e-2
2004 3.977179527282715e-2
1544 2.808213233947754e-2
564 1.1411666870117188e-2
378 6.934642791748047e-3
336 7.835626602172852e-3
220 3.315448760986328e-3
416 8.609294891357422e-3
272 4.601955413818359e-3
336 6.712436676025391e-3
220 2.99835205078125e-3
2122 3.6390066146850586e-2
2180 3.707408905029297e-2
416 8.074283599853516e-3
317 5.637168884277344e-3
318 5.028486251831055e-3
314 4.8084259033203125e-3
7045 0.12110185623168945
7026 0.11849212646484375
8032 0.1591784954071045
8791 0.15744876861572266
9625 0.17283391952514648
9832 0.17504239082336426
5993 9.697175025939941e-2
5811 9.51080322265625e-2
4546 8.490848541259766e-2
3320 5.266237258911133e-2
9838 0.1749255657196045
9951 0.1980433464050293
6798 0.11504411697387695
6848 0.11396598815917969
404 6.40106201171875e-3
466 7.944583892822266e-3
3701 5.6822776794433594e-2
3673 5.859494209289551e-2
3079 8.009028434753418e-2
3004 7.437562942504883e-2
2278 3.815889358520508e-2
2253 3.8802385330200195e-2
1984 3.4772634506225586e-2
1984 3.295540809631348e-2
1861 2.998042106628418e-2
1861 3.234219551086426e-2
1006 1.633906364440918e-2
1095 1.8709659576416016e-2
4195 6.766009330749512e-2
3702 6.452012062072754e-2
8124 0.13616609573364258
8125 0.1408095359802246
2510 3.891777992248535e-2
3098 6.377744674682617e-2
921 1.4177560806274414e-2
920 1.540517807006836e-2
1484 2.6460647583007813e-2
1392 2.3871660232543945e-2
473 8.493423461914063e-3
484 8.137226104736328e-3
9914 0.18238425254821777
9852 0.17546582221984863
2834 4.6500444412231445e-2
2966 5.2015066146850586e-2
571 1.102900505065918e-2
571 8.069276809692383e-3
3272 5.755496025085449e-2
3281 5.605816841125488e-2
1089 1.836419105529785e-2
1121 2.0632505416870117e-2
3059 5.010724067687988e-2
3000 5.3041696548461914e-2
3148 5.162453651428223e-2
3165 6.290388107299805e-2
6306 0.11383199691772461
6468 0.10624551773071289
525 9.955644607543945e-3
303 5.612850189208984e-3
5073 8.991026878356934e-2
6348 0.13756179809570313
2190 3.70631217956543e-2
2128 4.487729072570801e-2
3011 5.158400535583496e-2
3117 5.040407180786133e-2
4118 6.584978103637695e-2
4849 9.687423706054688e-2
3237 5.480504035949707e-2
3160 5.2437543869018555e-2
3321 6.2291860580444336e-2
3402 5.782747268676758e-2
12 7.081031799316406e-4
12 7.36236572265625e-4
6048 0.10052037239074707
6060 9.984016418457031e-2
6028 9.737110137939453e-2
6040 9.893608093261719e-2
3155 5.45804500579834e-2
3170 5.385875701904297e-2
4457 7.16552734375e-2
4311 6.838250160217285e-2
4457 7.603025436401367e-2
4311 6.67424201965332e-2
5613 0.11231017112731934
3947 6.61461353302002e-2
5907 0.11162066459655762
4920 8.478665351867676e-2
12 6.287097930908203e-4
12 6.6375732421875e-4
3291 5.23681640625e-2
3279 5.041146278381348e-2
1087 1.676487922668457e-2
1184 2.0650863647460938e-2
640 1.348567008972168e-2
1042 2.276015281677246e-2
913 1.981329917907715e-2
929 2.0885229110717773e-2
3282 5.7298898696899414e-2
3136 5.417776107788086e-2
2473 4.1254520416259766e-2
2001 3.5706520080566406e-2
3512 6.691098213195801e-2
2721 4.6800851821899414e-2
4844 7.588315010070801e-2
6957 0.15450549125671387
5353 8.823680877685547e-2
5352 8.951830863952637e-2
7426 0.12209010124206543
7426 0.12023496627807617
6180 0.10183501243591309
5662 9.528970718383789e-2
7131 0.11173796653747559
7001 0.11462593078613281
5468 9.72440242767334e-2
5794 9.482908248901367e-2
4034 6.148552894592285e-2
4084 6.377863883972168e-2
1944 3.5167694091796875e-2
2201 3.752636909484863e-2
2443 4.060029983520508e-2
2194 3.591465950012207e-2
4679 7.641792297363281e-2
4736 7.654476165771484e-2
6599 0.11788797378540039
6106 9.98682975769043e-2
6587 0.11221098899841309
6389 0.11297249794006348
5030 8.641958236694336e-2
5982 0.12328028678894043
8701 0.17241382598876953
347 6.2618255615234375e-3
6242 0.10091710090637207
1979 3.304696083068848e-2
2002 3.37371826171875e-2
6775 0.13538360595703125
5154 7.908773422241211e-2
450 7.5223445892333984e-3
541 1.1495113372802734e-2
4598 0.11642169952392578
4598 0.11327624320983887
7330 0.11622095108032227
6803 0.11338567733764648
374 5.365133285522461e-3
326 6.819248199462891e-3
588 9.415864944458008e-3
422 6.167411804199219e-3
422 5.976200103759766e-3
3190 5.253171920776367e-2
3228 5.2324533462524414e-2
1031 1.689314842224121e-2
774 1.2639760971069336e-2
2924 4.915904998779297e-2
3222 5.562162399291992e-2
4030 6.95338249206543e-2
4106 7.941198348999023e-2
1640 2.684640884399414e-2
1514 2.7524709701538086e-2
9836 0.18651151657104492
6994 0.1182405948638916
6950 0.11601853370666504
4554 7.893586158752441e-2
4533 7.435798645019531e-2
9795 0.1691126823425293
9673 0.16820192337036133
8849 0.15967512130737305
4022 6.372332572937012e-2
3379 5.993199348449707e-2
9233 0.19207000732421875
8460 0.14511847496032715
8726 0.1576688289642334
8332 0.17540240287780762
8673 0.14687037467956543
9162 0.16018962860107422
1352 2.0366430282592773e-2
1326 2.07064151763916e-2
8728 0.18182110786437988
9398 0.1524639129638672
9104 0.1508018970489502
3908 6.318497657775879e-2
3941 6.355476379394531e-2
8699 0.176666259765625
1793 3.6393165588378906e-2
1790 3.2498836517333984e-2
9286 0.16013026237487793
9214 0.15432262420654297
9419 0.19752955436706543
9294 0.16198062896728516
9319 0.17331743240356445
4036 6.374549865722656e-2
3427 5.876755714416504e-2
9517 0.15967845916748047
9514 0.1691429615020752
9086 0.17475509643554688
8986 0.15801119804382324
6264 0.10888528823852539
6275 0.10238265991210938
9673 0.15843439102172852
9233 0.19127964973449707
1415 2.4211406707763672e-2
1330 2.140951156616211e-2
3215 6.302952766418457e-2
4866 7.862544059753418e-2
7554 0.19649314880371094
7529 0.18445134162902832
8312 0.17638492584228516
4000 6.719851493835449e-2
3988 6.406497955322266e-2
7308 0.1221475601196289
7484 0.1265885829925537
6441 0.10736966133117676
6554 0.10899710655212402
2468 4.159355163574219e-2
2452 4.1428565979003906e-2
396 5.803823471069336e-3
396 6.6645145416259766e-3
1119 1.952385902404785e-2
1119 1.9908905029296875e-2
4045 7.096266746520996e-2
3412 5.389690399169922e-2
9170 0.14333677291870117
9304 0.14267921447753906
3728 6.59022331237793e-2
3738 5.896592140197754e-2
709 1.0343790054321289e-2
871 1.808619499206543e-2
2248 3.587841987609863e-2
2280 3.5317182540893555e-2
2339 3.7587881088256836e-2
2272 3.3544063568115234e-2
2571 4.092550277709961e-2
2595 4.353928565979004e-2
6190 9.932184219360352e-2
6198 0.10331392288208008
2364 3.5854339599609375e-2
2418 3.9513587951660156e-2
7880 0.11627793312072754
7847 0.12987065315246582
5040 8.529973030090332e-2
6005 0.13332509994506836
5935 0.10176205635070801
5109 8.448004722595215e-2
375 6.357431411743164e-3
385 6.7250728607177734e-3
2874 5.563664436340332e-2
3892 5.902695655822754e-2
385 5.6645870208740234e-3
400 5.949497222900391e-3
7124 0.12127161026000977
6890 0.12087106704711914
5789 9.881591796875e-2
5460 9.154319763183594e-2
4632 7.549858093261719e-2
4668 7.07712173461914e-2
2690 4.61575984954834e-2
2640 4.036450386047363e-2
8218 0.151200532913208
6890 0.12272787094116211
2954 4.9627065658569336e-2
2772 4.4759273529052734e-2
4632 7.572054862976074e-2
4668 7.242488861083984e-2
2619 4.693031311035156e-2
2640 4.126572608947754e-2
3186 5.123400688171387e-2
3358 5.747580528259277e-2
9629 0.16376280784606934
9620 0.16499876976013184
9331 0.16130661964416504
9498 0.15958142280578613
2770 4.7559499740600586e-2
2788 4.585123062133789e-2
2488 5.037498474121094e-2
3187 5.1740169525146484e-2
4562 9.245419502258301e-2
6199 0.10035967826843262
3527 6.13102912902832e-2
5137 0.1012871265411377
5020 8.958888053894043e-2
5108 8.345746994018555e-2
8877 0.1531541347503662
8756 0.1507735252380371
6105 0.1001124382019043
5976 9.941744804382324e-2
1225 2.7185916900634766e-2
1343 3.1080961227416992e-2
4465 7.321643829345703e-2
4550 7.561039924621582e-2
9995 0.16679000854492188
9700 0.1606428623199463
7831 0.13956379890441895
8187 0.13987517356872559
3763 6.452417373657227e-2
3591 6.406784057617188e-2
3238 5.667376518249512e-2
3303 5.844593048095703e-2
3398 5.599498748779297e-2
3139 5.821537971496582e-2
3355 5.400514602661133e-2
3370 5.705881118774414e-2
3137 5.533885955810547e-2
3001 5.405092239379883e-2
3232 8.187985420227051e-2
3512 8.427166938781738e-2
3179 5.464363098144531e-2
3410 6.383109092712402e-2
3886 6.16762638092041e-2
3929 6.320333480834961e-2
1398 3.32484245300293e-2
1373 3.2218217849731445e-2
2214 3.567671775817871e-2
2261 3.939461708068848e-2
9229 0.16612577438354492
9403 0.15736913681030273
2263 4.489398002624512e-2
1958 3.686881065368652e-2
3350 6.813764572143555e-2
4485 7.139134407043457e-2
1029 1.5862464904785156e-2
1150 1.9469499588012695e-2
2214 3.71098518371582e-2
2261 3.944849967956543e-2
3258 5.5342674255371094e-2
3300 5.705618858337402e-2
1907 3.28829288482666e-2
1779 3.0759096145629883e-2
4673 0.11065173149108887
5085 0.12338089942932129
2118 3.603196144104004e-2
2072 3.398919105529785e-2
6152 0.11071491241455078
6340 0.1053926944732666
6278 0.10318779945373535
6292 0.11288070678710938
6740 0.13840794563293457
5811 9.656691551208496e-2
2757 4.594087600708008e-2
154 2.3186206817626953e-3
4596 6.70619010925293e-2
370 6.251811981201172e-3
7539 0.1210322380065918
3662 5.976057052612305e-2
5165 9.76111888885498e-2
7404 0.12531757354736328
7284 0.12210273742675781
8735 0.1539011001586914
7847 0.13488101959228516
2307 4.3505191802978516e-2
2140 3.515481948852539e-2
3770 9.001946449279785e-2
3752 8.945512771606445e-2
1507 3.18446159362793e-2
1251 2.6363849639892578e-2
4154 6.738829612731934e-2
4150 6.545162200927734e-2
4871 8.209896087646484e-2
4818 7.863998413085938e-2
4632 7.378005981445313e-2
4668 7.251405715942383e-2
2690 4.7918081283569336e-2
2640 4.241466522216797e-2
5191 0.10409188270568848
4502 7.673788070678711e-2
4748 8.698201179504395e-2
3669 6.300830841064453e-2
9720 0.17031288146972656
9519 0.16719722747802734
4899 8.309125900268555e-2
4819 8.445167541503906e-2
2938 5.380535125732422e-2
2680 4.371476173400879e-2
5227 0.10286927223205566
4394 7.38060474395752e-2
4359 7.257485389709473e-2
4342 7.043600082397461e-2
4604 0.1218576431274414
5006 9.33692455291748e-2
2578 4.334759712219238e-2
2913 5.2542686462402344e-2
1783 3.347635269165039e-2
1690 2.880382537841797e-2
9930 0.16763806343078613
3269 5.56643009185791e-2
3105 5.124497413635254e-2
4958 8.378100395202637e-2
5173 8.985185623168945e-2
3185 5.273032188415527e-2
7628 0.11990571022033691
7593 0.12240123748779297
8879 0.1767745018005371
7972 0.12573528289794922
5965 0.11563253402709961
4437 7.109975814819336e-2
2735 5.3234100341796875e-2
2203 4.1861772537231445e-2
1935 3.41792106628418e-2
1927 3.169536590576172e-2
562 1.0054588317871094e-2
534 1.3808965682983398e-2
2268 4.254436492919922e-2
2058 3.5685062408447266e-2
1631 3.7990570068359375e-2
1867 4.386281967163086e-2
1154 1.6484498977661133e-2
1168 1.674056053161621e-2
1835 2.9111385345458984e-2
1828 2.865910530090332e-2
1396 2.2699594497680664e-2
1371 2.5378704071044922e-2
6648 0.11612725257873535
6555 0.10539913177490234
8575 0.17321014404296875
7630 0.13058757781982422
1231 1.974344253540039e-2
1331 2.187204360961914e-2
7927 0.12496519088745117
8228 0.1344766616821289
510 9.846925735473633e-3
599 8.753538131713867e-3
3564 7.536196708679199e-2
5114 8.395600318908691e-2
3338 6.709408760070801e-2
3543 5.6856632232666016e-2
2139 3.742241859436035e-2
1938 3.130316734313965e-2
4945 9.078407287597656e-2
4178 6.268095970153809e-2
3506 6.490969657897949e-2
3978 6.403756141662598e-2
