10009	0.20062255859375
1003	2.077484130859375e-2
10044	0.17481660842895508
1006	1.640605926513672e-2
1006	1.6673803329467773e-2
10097	0.17069268226623535
10115	0.17474961280822754
10118	0.18731474876403809
102	2.313375473022461e-3
10244	0.17140889167785645
10274	0.17761850357055664
1029	1.7003536224365234e-2
1031	1.7012596130371094e-2
10492	0.17209553718566895
106	1.7256736755371094e-3
10652	0.1709737777709961
10810	0.20794439315795898
10853	0.18654108047485352
1087	1.8001079559326172e-2
1089	1.8518924713134766e-2
10932	0.1859891414642334
10	O;
11038	0.20119333267211914
11081	0.19736409187316895
11157	0.17317700386047363
11191	0.1939072608947754
1119	1.7605066299438477e-2
11421	0.19384765625
11480	0.2076740264892578
11528	0.18778610229492188
1154	1.494598388671875e-2
1157	2.0430803298950195e-2
11671	0.2032327651977539
11732	0.19186878204345703
1190	2.0245790481567383e-2
12089	0.19524836540222168
12210	0.20397591590881348
12211	0.23513388633728027
1225	2.6231765747070313e-2
1231	1.9504308700561523e-2
12336	0.2044382095336914
12604	0.23172783851623535
12	6.070137023925781e-4
12	6.108283996582031e-4
12619	0.22765278816223145
12	6.349086761474609e-4
1268	2.424764633178711e-2
12	7.100105285644531e-4
12734	0.25966620445251465
12	7.469654083251953e-4
12	7.619857788085938e-4
12792	0.24436068534851074
12794	0.20789575576782227
1282	2.1876811981201172e-2
12882	0.2228095531463623
13070	0.2473008632659912
1313	1.9995450973510742e-2
13140	0.21938133239746094
13379	0.23671174049377441
13484	0.24485540390014648
1352	2.0014047622680664e-2
13586	0.22344970703125
136	2.070903778076172e-3
13625	0.29216432571411133
13673	0.23647689819335938
13675	0.22679758071899414
13680	0.2381150722503662
13750	0.22401976585388184
13794	0.25754618644714355
13838	0.23269176483154297
13953	0.25341224670410156
1396	1.9901752471923828e-2
13967	0.23394179344177246
13978	0.2368299961090088
1398	3.217744827270508e-2
14004	0.25311923027038574
14032	0.23444437980651855
14072	0.22443556785583496
14130	0.24681687355041504
1415	2.1429061889648438e-2
14282	0.22407269477844238
14288	0.2736990451812744
14337	0.22874879837036133
14389	0.23700594902038574
14402	0.25080156326293945
14472	0.2333686351776123
14476	0.23114991188049316
14478	0.2359638214111328
14489	0.2464923858642578
14531	0.25584983825683594
14550	0.23973393440246582
14564	0.2335798740386963
14593	0.23608136177062988
14594	0.25660037994384766
1460	2.17437744140625e-2
14618	0.24861407279968262
14660	0.2638702392578125
14702	0.22895026206970215
14709	0.2549107074737549
14714	0.2729156017303467
14781	0.2340691089630127
1482	2.2855758666992188e-2
1484	2.5447607040405273e-2
14865	0.2486436367034912
1489	2.2778749465942383e-2
14948	0.2499387264251709
1507	2.9329776763916016e-2
15079	0.24462056159973145
15095	0.24779510498046875
1515	2.611851692199707e-2
151534	2.6769001483917236
15192	0.2340230941772461
15201	0.26730823516845703
1520	2.153801918029785e-2
1520	2.2710800170898438e-2
15204	0.265364408493042
15271	0.3347806930541992
15312	0.24872732162475586
1537	2.342820167541504e-2
1537	2.399277687072754e-2
1542	2.3360013961791992e-2
15514	0.2702443599700928
15608	0.2660863399505615
15608	0.2839927673339844
15621	0.2542459964752197
15621	0.25492095947265625
15638	0.2568509578704834
159172	2.8965885639190674
16038	0.27588963508605957
1604	2.6221513748168945e-2
16096	0.2613823413848877
16251	0.25921130180358887
1631	3.740215301513672e-2
16366	0.26147007942199707
1640	2.844691276550293e-2
1648	2.5753021240234375e-2
16656	0.2599499225616455
16760	0.27312493324279785
16760	0.28902339935302734
16868	0.2953672409057617
1701	3.036355972290039e-2
1703	2.8232812881469727e-2
17040	0.30078673362731934
17041	0.2785501480102539
17092	0.298367977142334
17130	0.2801361083984375
1721	2.99224853515625e-2
1750	2.889418601989746e-2
17544	0.2896418571472168
1756	2.9564857482910156e-2
17766	0.303638219833374
17766	0.3139939308166504
17802	0.31070470809936523
17808	0.2991323471069336
1783	3.1565189361572266e-2
1783	3.620576858520508e-2
1787	2.9369115829467773e-2
17923	0.3267037868499756
1793	3.313755989074707e-2
17942	0.2938234806060791
18063	0.30664968490600586
18096	0.2981686592102051
18203	0.2969803810119629
18220	0.3008701801300049
18286	0.38417887687683105
18287	0.2978549003601074
18295	0.31117701530456543
18307	0.3018970489501953
18344	0.31688714027404785
1835	2.726435661315918e-2
18402	0.3064546585083008
18435	0.3070371150970459
1861	2.9499053955078125e-2
1871	3.5180091857910156e-2
18754	0.3193020820617676
19001	0.32944679260253906
1907	3.1427860260009766e-2
1935	3.181576728820801e-2
19426	0.4075186252593994
1944	3.53543758392334e-2
1945	3.0506610870361328e-2
1945	3.289079666137695e-2
1949	3.0917644500732422e-2
19647	0.38539862632751465
19769	0.31599998474121094
19776	0.36053991317749023
1979	3.275918960571289e-2
1984	3.4403085708618164e-2
19870	0.3440730571746826
1997	3.308558464050293e-2
20028	0.3554975986480713
2004	3.8611650466918945e-2
20364	0.3394770622253418
2042	3.54616641998291e-2
20438	0.40477442741394043
2060	3.4365177154541016e-2
2067	3.248023986816406e-2
20847	0.4068624973297119
20952	0.4153432846069336
2098	4.93772029876709e-2
2112	4.649233818054199e-2
21137	0.415759801864624
2118	3.579974174499512e-2
21211	0.41758155822753906
2122	3.598785400390625e-2
21228	0.39297008514404297
2139	3.675484657287598e-2
2139	3.723907470703125e-2
21554	0.38870692253112793
2157	3.301072120666504e-2
2161	5.175304412841797e-2
2164	3.710198402404785e-2
2178	3.636765480041504e-2
2187	3.903603553771973e-2
2190	3.534722328186035e-2
2193	3.424859046936035e-2
2204	3.7442684173583984e-2
22097	0.3790717124938965
2214	3.525233268737793e-2
2214	3.661799430847168e-2
2220	3.699326515197754e-2
2222	4.09088134765625e-2
2245	3.7178993225097656e-2
2248	3.479313850402832e-2
2248	3.603076934814453e-2
2263	4.2380571365356445e-2
2268	3.9261817932128906e-2
2269	4.715299606323242e-2
2272	3.650617599487305e-2
2278	3.793907165527344e-2
2281	3.768134117126465e-2
22852	0.369032621383667
2307	4.351472854614258e-2
2326	3.666567802429199e-2
2339	3.740048408508301e-2
2343	4.0406227111816406e-2
23479	0.4044766426086426
2364	3.481459617614746e-2
23682	0.46866846084594727
23705	0.4403560161590576
2372	3.901243209838867e-2
2376	3.8057804107666016e-2
2380	3.978562355041504e-2
2402	3.9227962493896484e-2
2411	4.508376121520996e-2
2424	3.8565874099731445e-2
2426	4.0207624435424805e-2
2436	4.2432308197021484e-2
2443	4.1051626205444336e-2
24505	0.46301770210266113
24521	0.43866539001464844
24541	0.42208075523376465
2457	4.01911735534668e-2
2468	4.177689552307129e-2
24698	0.4506063461303711
2473	4.0946245193481445e-2
2474	4.547476768493652e-2
2476	4.3618202209472656e-2
2488	4.904055595397949e-2
24929	0.45899105072021484
2510	3.932023048400879e-2
2514	4.106736183166504e-2
2524	4.307842254638672e-2
2525	4.031491279602051e-2
2535	4.146218299865723e-2
25356	0.4872570037841797
25376	0.4871065616607666
25411	0.41358494758605957
2541	4.151105880737305e-2
25440	0.4930603504180908
254	4.70733642578125e-3
2547	3.964114189147949e-2
2571	4.230642318725586e-2
2573	6.660008430480957e-2
2577	5.088663101196289e-2
2578	4.032135009765625e-2
25951	0.4214024543762207
25951	0.4236335754394531
26004	0.4579193592071533
26166	0.5176362991333008
2619	4.4606924057006836e-2
2633	4.403519630432129e-2
2636	6.279826164245605e-2
2658	4.486513137817383e-2
26655	0.4418208599090576
2667	4.42807674407959e-2
268	4.778385162353516e-3
2690	4.5594215393066406e-2
2690	4.681682586669922e-2
27182	0.46704864501953125
2725	4.4714927673339844e-2
27259	0.5023877620697021
2735	4.76076602935791e-2
2770	4.6492815017700195e-2
2771	4.48606014251709e-2
2790	4.687309265136719e-2
2795	4.694414138793945e-2
2802	4.456806182861328e-2
2823	4.711461067199707e-2
2834	4.568600654602051e-2
2839	4.4175148010253906e-2
2844	4.637408256530762e-2
2844	5.390143394470215e-2
2846	6.0144662857055664e-2
2868	4.853248596191406e-2
2868	5.082821846008301e-2
2869	4.617905616760254e-2
2874	4.910898208618164e-2
2874	5.626797676086426e-2
28813	0.4692504405975342
28863	0.4795658588409424
28917	0.4602055549621582
29114	0.4475433826446533
291	5.005359649658203e-3
2918	4.96058464050293e-2
2924	4.832577705383301e-2
2938	5.045318603515625e-2
2954	4.896092414855957e-2
3008	5.4898977279663086e-2
3011	5.163311958312988e-2
3059	5.140376091003418e-2
3079	7.458305358886719e-2
3120	5.490994453430176e-2
3137	5.4322004318237305e-2
3148	5.193781852722168e-2
3155	5.415940284729004e-2
3174	5.663895606994629e-2
3179	5.28559684753418e-2
318	5.0656795501708984e-3
318	5.0699710845947266e-3
3185	5.166316032409668e-2
3186	4.9643754959106445e-2
3190	5.031919479370117e-2
3215	6.405854225158691e-2
3232	7.856631278991699e-2
3237	5.613303184509277e-2
3238	5.806565284729004e-2
3243	5.395102500915527e-2
3246	4.9930572509765625e-2
3258	5.4236650466918945e-2
3269	5.648374557495117e-2
3272	5.552196502685547e-2
3282	5.533170700073242e-2
3291	5.07049560546875e-2
3292	5.504298210144043e-2
3321	6.1762094497680664e-2
3338	6.265401840209961e-2
334499	6.154309272766113
3350	6.694197654724121e-2
3355	5.351138114929199e-2
33592	0.542769193649292
336	7.373332977294922e-3
336	7.5113773345947266e-3
33806	0.5791285037994385
3398	5.373978614807129e-2
341	5.845785140991211e-3
34260	0.5530004501342773
3426	7.540774345397949e-2
344	5.671024322509766e-3
344	6.218671798706055e-3
3454	5.565595626831055e-2
3470	6.3232421875e-2
3488	5.679893493652344e-2
3506	6.567263603210449e-2
3512	6.885647773742676e-2
3527	6.195521354675293e-2
3554	5.950117111206055e-2
3558	6.461787223815918e-2
3564	6.801867485046387e-2
3570	8.077359199523926e-2
36	1.0786056518554688e-3
36	1.2154579162597656e-3
36	1.2173652648925781e-3
3662	5.906867980957031e-2
3677	6.0613155364990234e-2
3689	5.99362850189209e-2
3701	5.6769371032714844e-2
3728	6.362128257751465e-2
374	5.441427230834961e-3
374	6.0808658599853516e-3
375	6.439685821533203e-3
3763	6.474184989929199e-2
3764	5.900311470031738e-2
3770	9.062576293945313e-2
3771	6.136178970336914e-2
3814	6.234860420227051e-2
3831	6.682896614074707e-2
385	5.526542663574219e-3
3886	6.2274932861328125e-2
3908	6.1016082763671875e-2
3927	6.979846954345703e-2
396	7.009029388427734e-3
3998	6.614136695861816e-2
3998	6.685805320739746e-2
4000	6.688094139099121e-2
4022	6.819796562194824e-2
4030	6.776118278503418e-2
4034	6.301045417785645e-2
4036	6.313133239746094e-2
4045	6.813406944274902e-2
404	6.433725357055664e-3
408	5.143165588378906e-3
40901	0.6765756607055664
4116	6.464552879333496e-2
4118	6.663012504577637e-2
4154	6.644725799560547e-2
416	8.206367492675781e-3
416	8.90660285949707e-3
4195	6.748414039611816e-2
4211	7.247114181518555e-2
422	6.498575210571289e-3
4238	6.994986534118652e-2
4243	7.593393325805664e-2
4320	6.670522689819336e-2
434	5.113363265991211e-3
4359	7.212233543395996e-2
4369	7.122159004211426e-2
4381	8.316183090209961e-2
438	6.759166717529297e-3
44	1.1138916015625e-3
4433	7.531905174255371e-2
4448	7.108306884765625e-2
4451	7.0556640625e-2
4457	7.438182830810547e-2
4457	7.457232475280762e-2
4465	7.697224617004395e-2
4482	9.747886657714844e-2
450	8.035659790039063e-3
4514	7.085371017456055e-2
4546	8.235692977905273e-2
4554	7.703781127929688e-2
4562	9.000182151794434e-2
4570	7.990860939025879e-2
4588	7.517075538635254e-2
4588	7.667374610900879e-2
4598	0.11117339134216309
4604	0.11781501770019531
4604	7.79871940612793e-2
4632	7.14724063873291e-2
4632	7.428526878356934e-2
4632	7.450008392333984e-2
4654	8.124184608459473e-2
4673	0.11395382881164551
4679	7.654333114624023e-2
4683	9.279751777648926e-2
4692	8.150362968444824e-2
4728	7.725191116333008e-2
473	8.545398712158203e-3
4742	7.854819297790527e-2
4748	9.071636199951172e-2
4844	7.585525512695313e-2
4871	8.353495597839355e-2
4873	7.759284973144531e-2
4886	8.16338062286377e-2
4892	9.108519554138184e-2
4899	7.959365844726563e-2
4907	7.762646675109863e-2
4937	7.905077934265137e-2
4945	8.866119384765625e-2
4958	8.30233097076416e-2
4968	8.193778991699219e-2
500	7.1299076080322266e-3
500	8.429288864135742e-3
5019	8.213400840759277e-2
5020	9.161210060119629e-2
5030	8.376097679138184e-2
5040	8.588886260986328e-2
5073	8.896565437316895e-2
510	9.479522705078125e-3
512	8.162975311279297e-3
5165	8.217740058898926e-2
5191	0.10545969009399414
5198	8.771824836730957e-2
520	6.295680999755859e-3
5227	0.10155606269836426
525	1.0024309158325195e-2
5353	8.846735954284668e-2
5372	8.38158130645752e-2
5380	8.7066650390625e-2
5384	8.813977241516113e-2
538	6.613492965698242e-3
54063	0.8747730255126953
5434	9.457850456237793e-2
5468	9.43765640258789e-2
5493	9.000802040100098e-2
5511	8.765816688537598e-2
5515	9.053373336791992e-2
5596	9.473872184753418e-2
559	8.78286361694336e-3
5613	0.11243700981140137
562	8.310556411743164e-3
5646	8.933138847351074e-2
564	9.989023208618164e-3
5654	9.832882881164551e-2
56647	0.9518074989318848
571	1.0077238082885742e-2
571	1.0590076446533203e-2
571	8.114814758300781e-3
5789	9.837007522583008e-2
5846	0.10096859931945801
587	9.91964340209961e-3
5907	0.11423873901367188
591	9.697198867797852e-3
5935	0.10200238227844238
5965	0.11525201797485352
5993	9.876012802124023e-2
6028	9.769439697265625e-2
6048	0.10290002822875977
605	1.0773897171020508e-2
608	8.044958114624023e-3
6105	0.10397934913635254
6151	0.11318445205688477
6152	0.11383175849914551
6180	0.1033174991607666
6190	0.11827278137207031
61905	1.0891611576080322
6242	9.817147254943848e-2
6264	0.10432744026184082
6278	0.10270547866821289
6294	0.1041254997253418
6306	0.10745954513549805
6318	0.10020923614501953
6325	9.853363037109375e-2
640	1.3015508651733398e-2
6423	0.12750482559204102
6441	0.10881447792053223
6458	0.10667037963867188
6461	0.10368967056274414
647	1.3709783554077148e-2
6587	0.1120455265045166
6599	0.10866856575012207
6648	0.11391758918762207
6740	0.13534212112426758
6767	0.10975456237792969
6775	0.1344914436340332
6797	0.16210556030273438
6798	0.11548209190368652
6838	0.11184859275817871
6945	0.11639046669006348
6994	0.11531305313110352
7045	0.1165931224822998
709	9.946107864379883e-3
7124	0.1260673999786377
7131	0.1148831844329834
7149	0.1176137924194336
7261	0.1309645175933838
7272	0.11810302734375
7308	0.11670637130737305
7330	0.11916446685791016
738	1.3532638549804688e-2
7404	0.12673664093017578
7426	0.12209463119506836
744	1.1484861373901367e-2
7464	0.1392354965209961
750	1.093435287475586e-2
7554	0.1919567584991455
7628	0.11910390853881836
7705	0.12827634811401367
7766	0.12454867362976074
7831	0.13648200035095215
784	1.2431144714355469e-2
7880	0.11934065818786621
7898	0.13226938247680664
7927	0.12284207344055176
7943	0.1258716583251953
7944	0.13268017768859863
7974	0.16221976280212402
8032	0.15787124633789063
806	1.1874914169311523e-2
806	1.2645721435546875e-2
8121	0.1251049041748047
8124	0.13127994537353516
820	1.0990142822265625e-2
820	1.5525341033935547e-2
8218	0.15069270133972168
825	1.4717340469360352e-2
8312	0.17392563819885254
8332	0.17520689964294434
842	1.2164115905761719e-2
8460	0.1471545696258545
8560	0.13834142684936523
8574	0.13409852981567383
8575	0.17781734466552734
8608	0.13426423072814941
8673	0.1445329189300537
8681	0.14425134658813477
8699	0.17704343795776367
8728	0.18073773384094238
8735	0.14944982528686523
8868	0.13964343070983887
8877	0.15030884742736816
8879	0.18137288093566895
8966	0.13706111907958984
9086	0.17168474197387695
9090	0.15295124053955078
913	2.0581483840942383e-2
9170	0.14479875564575195
921	1.5549421310424805e-2
922	2.095174789428711e-2
9229	0.16159677505493164
9233	0.19774961471557617
9286	0.16287612915039063
929	2.0387649536132813e-2
9294	0.15790414810180664
9331	0.15733671188354492
9398	0.15460753440856934
9417	0.17664170265197754
9419	0.19640421867370605
9423	0.16109991073608398
9489	0.15663671493530273
9517	0.16740965843200684
9625	0.17737412452697754
9629	0.1654052734375
9648	0.1570146083831787
9673	0.1645979881286621
9688	0.1613328456878662
9720	0.17287898063659668
9834	0.16182255744934082
9836	0.18192458152770996
9838	0.17279815673828125
9914	0.17557883262634277
9930	0.17298269271850586
9951	0.20285630226135254
9995	0.1655735969543457
9995	0.17554259300231934
9996	0.16646790504455566
