25735.507969856262207e-2
12391.98514461517334e-2
17213.149127960205078e-2
12222.3246288299560547e-2
21573.442525863647461e-2
21343.336787223815918e-2
17032.7931690216064453e-2
16042.6662349700927734e-2
64610.10391736030578613
67760.11413812637329102
17012.8865575790405273e-2
17592.9410839080810547e-2
86810.13474321365356445
26366.2467336654663086e-2
27426.382608413696289e-2
12682.5647640228271484e-2
11252.1735668182373047e-2
4386.690263748168945e-3
7141.404714584350586e-2
46839.357190132141113e-2
63379.887480735778809e-2
53728.591699600219727e-2
53658.044886589050293e-2
35586.534481048583984e-2
35535.713987350463867e-2
46548.128857612609863e-2
46467.776403427124023e-2
46047.910680770874023e-2
46217.933354377746582e-2
58460.10128998756408691
51946.972694396972656e-2
20603.660178184509277e-2
18633.258800506591797e-2
2685.053520202636719e-3
2724.574298858642578e-3
51658.215999603271484e-2
51808.261632919311523e-2
24114.644918441772461e-2
28204.347062110900879e-2
37646.111574172973633e-2
39167.072639465332031e-2
2544.923105239868164e-3
2946.563425064086914e-3
22483.6036014556884766e-2
22993.582406044006348e-2
89660.13860654830932617
89610.14985013008117676
49377.723569869995117e-2
50107.911944389343262e-2
67970.16181182861328125
67480.16402268409729004
41166.583404541015625e-2
41377.161664962768555e-2
98380.16045784950256348
28444.606485366821289e-2
28444.5998334884643555e-2
56469.174108505249023e-2
57219.310388565063477e-2
1362.080678939819336e-3
1933.790140151977539e-3
1061.6965866088867188e-3
1061.6379356384277344e-3
7841.3483524322509766e-2
8251.311349868774414e-2
88680.14226412773132324
88610.1462392807006836
14892.341175079345703e-2
14892.3710012435913086e-2
21933.499579429626465e-2
22233.483915328979492e-2
63259.790158271789551e-2
63250.10156536102294922
47287.771611213684082e-2
45997.47983455657959e-2
51988.85622501373291e-2
52458.461499214172363e-2
98340.15818214416503906
3745.93256950378418e-3
6541.0626554489135742e-2
94170.18073821067810059
80440.12469172477722168
79430.1267249584197998
78950.12699246406555176
27954.99424934387207e-2
28204.651618003845215e-2
86080.13395977020263672
85960.12391495704650879
22043.6132097244262695e-2
21923.395962715148926e-2
24364.1185855865478516e-2
24363.916501998901367e-2
25144.101371765136719e-2
25144.18550968170166e-2
23804.026007652282715e-2
23803.775501251220703e-2
28744.9179792404174805e-2
28744.7025442123413086e-2
23723.95658016204834e-2
24084.0747880935668945e-2
22203.762626647949219e-2
22563.696155548095703e-2
25474.0582895278930664e-2
26514.207897186279297e-2
55159.068560600280762e-2
54609.088659286499023e-2
27904.8360347747802734e-2
30375.109262466430664e-2
67670.11199498176574707
70470.11887764930725098
2914.906892776489258e-3
2563.7424564361572266e-3
24263.9847612380981445e-2
24143.9913177490234375e-2
8421.2906074523925781e-2
8621.2850046157836914e-2
21393.707408905029297e-2
22923.889608383178711e-2
63180.10097932815551758
63150.10579109191894531
79440.1368398666381836
72580.11784696578979492
22453.760981559753418e-2
23223.86810302734375e-2
31745.5399179458618164e-2
27704.495668411254883e-2
22813.649187088012695e-2
23703.863406181335449e-2
77050.13069725036621094
79540.13650846481323242
35545.969524383544922e-2
33935.767560005187988e-2
49077.841300964355469e-2
48227.753300666809082e-2
34885.787491798400879e-2
33625.40003776550293e-2
42387.044720649719238e-2
39096.26974105834961e-2
85600.1403486728668213
85600.14069557189941406
21615.3894996643066406e-2
24863.577160835266113e-2
18713.565216064453125e-2
18453.073883056640625e-2
25244.327106475830078e-2
24124.228544235229492e-2
55118.98747444152832e-2
36027.642197608947754e-2
23763.694939613342285e-2
56210.12555432319641113
8061.1979103088378906e-2
8061.3826608657836914e-2
8251.3441801071166992e-2
8221.2827157974243164e-2
5206.1910152435302734e-3
5207.521867752075195e-3
6059.254217147827148e-3
6028.000373840332031e-3
5879.803056716918945e-3
5846.722211837768555e-3
4085.1190853118896484e-3
4085.738258361816406e-3
8201.0642051696777344e-2
8201.3568878173828125e-2
5386.330728530883789e-3
5386.594181060791016e-3
5718.887290954589844e-3
5686.646633148193359e-3
4345.486488342285156e-3
4344.895687103271484e-3
5718.651256561279297e-3
5687.505655288696289e-3
35708.261775970458984e-2
2184.631757736206055e-3
36895.905413627624512e-2
36735.828094482421875e-2
25774.954123497009277e-2
19364.7281503677368164e-2
53808.627462387084961e-2
33867.263851165771484e-2
24744.6398162841796875e-2
24793.997349739074707e-2
71490.11913871765136719
79820.13542532920837402
85740.1371603012084961
87010.1381685733795166
56549.887361526489258e-2
49418.045554161071777e-2
23263.653907775878906e-2
22734.205489158630371e-2
96880.1608879566192627
97890.1598832607269287
99950.16604137420654297
50198.334875106811523e-2
50608.446860313415527e-2
25414.291200637817383e-2
25414.310178756713867e-2
54938.99507999420166e-2
34057.16853141784668e-2
96480.15646123886108398
95460.16163253784179688
24023.98097038269043e-2
24144.2354583740234375e-2
19493.302264213562012e-2
19493.29747200012207e-2
94230.15731382369995117
98290.1673741340637207
34267.300329208374023e-2
55128.753108978271484e-2
20985.151987075805664e-2
32865.430006980895996e-2
25254.299616813659668e-2
25514.09550666809082e-2
16042.484440803527832e-2
15172.62296199798584e-2
9222.1190881729125977e-2
8321.9306182861328125e-2
78980.12848353385925293
72200.11328005790710449
45707.997655868530273e-2
43267.068800926208496e-2
22723.876924514770508e-2
23063.776860237121582e-2
72720.12024140357971191
80670.13924360275268555
16482.5211811065673828e-2
15333.4333229064941406e-2
94890.15345311164855957
94160.15422868728637695
25354.29835319519043e-2
24744.244279861450195e-2
15372.4491548538208008e-2
22914.1692256927490234e-2
15372.356863021850586e-2
21813.942608833312988e-2
14822.116227149963379e-2
18323.208518028259277e-2
32465.065345764160156e-2
32525.205893516540527e-2
26674.496407508850098e-2
27364.3601274490356445e-2
24764.398083686828613e-2
23163.943300247192383e-2
28684.962444305419922e-2
20184.774618148803711e-2
34705.898404121398926e-2
24306.205129623413086e-2
28445.03849983215332e-2
19984.7954559326171875e-2
29185.0229549407958984e-2
20355.025887489318848e-2
28685.0348520278930664e-2
20184.951119422912598e-2
32925.429553985595703e-2
23525.462288856506348e-2
54349.252166748046875e-2
53788.914828300476074e-2
26334.561448097229004e-2
25904.633045196533203e-2
5009.945869445800781e-3
5087.363557815551758e-3
7501.2324094772338867e-2
7581.1327743530273438e-2
15202.3014068603515625e-2
15162.413344383239746e-2
15422.352118492126465e-2
15422.7247190475463867e-2
15202.3145198822021484e-2
15162.3751258850097656e-2
14602.2236347198486328e-2
14562.4169206619262695e-2
28694.776954650878906e-2
30015.069136619567871e-2
46927.879781723022461e-2
48508.545517921447754e-2
27254.43418025970459e-2
27254.41286563873291e-2
45147.102465629577637e-2
33456.200218200683594e-2
32435.193328857421875e-2
32856.2011003494262695e-2
10031.9287824630737305e-2
17793.079390525817871e-2
47428.024883270263672e-2
51679.121155738830566e-2
36775.948472023010254e-2
38676.60254955291748e-2
28394.33812141418457e-2
34746.2196969985961914e-2
48738.037471771240234e-2
58140.10535693168640137
37716.018471717834473e-2
39636.735968589782715e-2
39986.648516654968262e-2
39986.615400314331055e-2
43818.462142944335938e-2
37266.05311393737793e-2
68380.11384415626525879
68380.11076569557189941
39986.587481498718262e-2
39986.708455085754395e-2
62940.10548138618469238
76990.13380098342895508
3446.295204162597656e-3
3406.314516067504883e-3
19453.270459175109863e-2
20003.468918800354004e-2
5919.444236755371094e-3
10432.252960205078125e-2
17872.9034137725830078e-2
20323.5155534744262695e-2
19453.222846984863281e-2
20003.367257118225098e-2
23434.06801700592041e-2
22653.85289192199707e-2
21124.6416521072387695e-2
10431.9786834716796875e-2
17834.010438919067383e-2
17442.594161033630371e-2
69450.11617922782897949
69080.11522364616394043
125.991458892822266e-4
126.608963012695313e-4
98320.1593465805053711
125.98907470703125e-4
126.361007690429688e-4
44487.203984260559082e-2
43636.96866512298584e-2
38316.822323799133301e-2
36416.024670600891113e-2
3417.179737091064453e-3
3386.3669681549072266e-3
39276.928229331970215e-2
37356.282448768615723e-2
17502.8340816497802734e-2
17213.0059099197387695e-2
42437.875871658325195e-2
50319.343075752258301e-2
74640.13955450057983398
48928.969926834106445e-2
48809.317469596862793e-2
22224.0940284729003906e-2
22074.0044307708740234e-2
8201.4442920684814453e-2
7931.6032934188842773e-2
127.028579711914063e-4
125.881786346435547e-4
17562.959895133972168e-2
17382.592754364013672e-2
127.481575012207031e-4
128.258819580078125e-4
26584.53639030456543e-2
26403.71096134185791e-2
13132.3192167282104492e-2
13182.0672082901000977e-2
5009.089469909667969e-3
6329.274959564208984e-3
3185.162954330444336e-3
3145.2640438079833984e-3
61510.11227226257324219
53480.10132503509521484
10061.619577407836914e-2
10061.739978790283203e-2
64580.1078348159790039
65000.10916495323181152
3445.845069885253906e-3
3445.881309509277344e-3
11902.041316032409668e-2
10121.6342878341674805e-2
44829.87091064453125e-2
26666.444597244262695e-2
48868.632731437683105e-2
54879.875178337097168e-2
19973.452324867248535e-2
20073.352856636047363e-2
42117.511401176452637e-2
42657.471561431884766e-2
72610.12601304054260254
73460.12715482711791992
38146.277799606323242e-2
38146.2178850173950195e-2
79740.17077374458312988
79720.16629385948181152
49688.101487159729004e-2
49648.30385684967041e-2
28466.041455268859863e-2
29326.515169143676758e-2
21873.823518753051758e-2
21424.09388542175293e-2
77660.12944865226745605
79710.12996768951416016
93840.15656685829162598
99960.16567230224609375
21643.591203689575195e-2
25285.857729911804199e-2
7441.092529296875e-2
7441.1873245239257813e-2
9292.007579803466797e-2
9292.029561996459961e-2
6471.601386070251465e-2
7571.7589092254638672e-2
20673.37982177734375e-2
20533.429269790649414e-2
5599.743452072143555e-3
9091.6893386840820313e-2
22694.6922922134399414e-2
16712.3049116134643555e-2
28024.64634895324707e-2
29114.639554023742676e-2
81210.131805419921875
80910.1345827579498291
27714.507946968078613e-2
27306.0579776763916016e-2
5127.272005081176758e-3
6891.4317750930786133e-2
24243.867006301879883e-2
30625.7694196701049805e-2
21783.7998199462890625e-2
23914.1784048080444336e-2
31205.546259880065918e-2
21094.792380332946777e-2
30085.408143997192383e-2
30315.788064002990723e-2
11572.1988868713378906e-2
10601.6572952270507813e-2
64230.1253526210784912
42647.231688499450684e-2
20043.977179527282715e-2
15442.808213233947754e-2
5641.1411666870117188e-2
3786.934642791748047e-3
3367.835626602172852e-3
2203.315448760986328e-3
4168.609294891357422e-3
2724.601955413818359e-3
3366.712436676025391e-3
2202.99835205078125e-3
21223.6390066146850586e-2
21803.707408905029297e-2
4168.074283599853516e-3
3175.637168884277344e-3
3185.028486251831055e-3
3144.8084259033203125e-3
70450.12110185623168945
70260.11849212646484375
80320.1591784954071045
87910.15744876861572266
96250.17283391952514648
98320.17504239082336426
59939.697175025939941e-2
58119.51080322265625e-2
45468.490848541259766e-2
33205.266237258911133e-2
98380.1749255657196045
99510.1980433464050293
67980.11504411697387695
68480.11396598815917969
4046.40106201171875e-3
4667.944583892822266e-3
37015.6822776794433594e-2
36735.859494209289551e-2
30798.009028434753418e-2
30047.437562942504883e-2
22783.815889358520508e-2
22533.8802385330200195e-2
19843.4772634506225586e-2
19843.295540809631348e-2
18612.998042106628418e-2
18613.234219551086426e-2
10061.633906364440918e-2
10951.8709659576416016e-2
41956.766009330749512e-2
37026.452012062072754e-2
81240.13616609573364258
81250.1408095359802246
25103.891777992248535e-2
30986.377744674682617e-2
9211.4177560806274414e-2
9201.540517807006836e-2
14842.6460647583007813e-2
13922.3871660232543945e-2
4738.493423461914063e-3
4848.137226104736328e-3
99140.18238425254821777
98520.17546582221984863
28344.6500444412231445e-2
29665.2015066146850586e-2
5711.102900505065918e-2
5718.069276809692383e-3
32725.755496025085449e-2
32815.605816841125488e-2
10891.836419105529785e-2
11212.0632505416870117e-2
30595.010724067687988e-2
30005.3041696548461914e-2
31485.162453651428223e-2
31656.290388107299805e-2
63060.11383199691772461
64680.10624551773071289
5259.955644607543945e-3
3035.612850189208984e-3
50738.991026878356934e-2
63480.13756179809570313
21903.70631217956543e-2
21284.487729072570801e-2
30115.158400535583496e-2
31175.040407180786133e-2
41186.584978103637695e-2
48499.687423706054688e-2
32375.480504035949707e-2
31605.2437543869018555e-2
33216.2291860580444336e-2
34025.782747268676758e-2
127.081031799316406e-4
127.36236572265625e-4
60480.10052037239074707
60609.984016418457031e-2
60289.737110137939453e-2
60409.893608093261719e-2
31555.45804500579834e-2
31705.385875701904297e-2
44577.16552734375e-2
43116.838250160217285e-2
44577.603025436401367e-2
43116.67424201965332e-2
56130.11231017112731934
39476.61461353302002e-2
59070.11162066459655762
49208.478665351867676e-2
126.287097930908203e-4
126.6375732421875e-4
32915.23681640625e-2
32795.041146278381348e-2
10871.676487922668457e-2
11842.0650863647460938e-2
6401.348567008972168e-2
10422.276015281677246e-2
9131.981329917907715e-2
9292.0885229110717773e-2
32825.7298898696899414e-2
31365.417776107788086e-2
24734.1254520416259766e-2
20013.5706520080566406e-2
35126.691098213195801e-2
27214.6800851821899414e-2
48447.588315010070801e-2
69570.15450549125671387
53538.823680877685547e-2
53528.951830863952637e-2
74260.12209010124206543
74260.12023496627807617
61800.10183501243591309
56629.528970718383789e-2
71310.11173796653747559
70010.11462593078613281
54689.72440242767334e-2
57949.482908248901367e-2
40346.148552894592285e-2
40846.377863883972168e-2
19443.5167694091796875e-2
22013.752636909484863e-2
24434.060029983520508e-2
21943.591465950012207e-2
46797.641792297363281e-2
47367.654476165771484e-2
65990.11788797378540039
61069.98682975769043e-2
65870.11221098899841309
63890.11297249794006348
50308.641958236694336e-2
59820.12328028678894043
87010.17241382598876953
3476.2618255615234375e-3
62420.10091710090637207
19793.304696083068848e-2
20023.37371826171875e-2
67750.13538360595703125
51547.908773422241211e-2
4507.5223445892333984e-3
5411.1495113372802734e-2
45980.11642169952392578
45980.11327624320983887
73300.11622095108032227
68030.11338567733764648
3745.365133285522461e-3
3266.819248199462891e-3
5889.415864944458008e-3
4226.167411804199219e-3
4225.976200103759766e-3
31905.253171920776367e-2
32285.2324533462524414e-2
10311.689314842224121e-2
7741.2639760971069336e-2
29244.915904998779297e-2
32225.562162399291992e-2
40306.95338249206543e-2
41067.941198348999023e-2
16402.684640884399414e-2
15142.7524709701538086e-2
98360.18651151657104492
69940.1182405948638916
69500.11601853370666504
45547.893586158752441e-2
45337.435798645019531e-2
97950.1691126823425293
96730.16820192337036133
88490.15967512130737305
40226.372332572937012e-2
33795.993199348449707e-2
92330.19207000732421875
84600.14511847496032715
87260.1576688289642334
83320.17540240287780762
86730.14687037467956543
91620.16018962860107422
13522.0366430282592773e-2
13262.07064151763916e-2
87280.18182110786437988
93980.1524639129638672
91040.1508018970489502
39086.318497657775879e-2
39416.355476379394531e-2
86990.176666259765625
17933.6393165588378906e-2
17903.2498836517333984e-2
92860.16013026237487793
92140.15432262420654297
94190.19752955436706543
92940.16198062896728516
93190.17331743240356445
40366.374549865722656e-2
34275.876755714416504e-2
95170.15967845916748047
95140.1691429615020752
90860.17475509643554688
89860.15801119804382324
62640.10888528823852539
62750.10238265991210938
96730.15843439102172852
92330.19127964973449707
14152.4211406707763672e-2
13302.140951156616211e-2
32156.302952766418457e-2
48667.862544059753418e-2
75540.19649314880371094
75290.18445134162902832
83120.17638492584228516
40006.719851493835449e-2
39886.406497955322266e-2
73080.1221475601196289
74840.1265885829925537
64410.10736966133117676
65540.10899710655212402
24684.159355163574219e-2
24524.1428565979003906e-2
3965.803823471069336e-3
3966.6645145416259766e-3
11191.952385902404785e-2
11191.9908905029296875e-2
40457.096266746520996e-2
34125.389690399169922e-2
91700.14333677291870117
93040.14267921447753906
37286.59022331237793e-2
37385.896592140197754e-2
7091.0343790054321289e-2
8711.808619499206543e-2
22483.587841987609863e-2
22803.5317182540893555e-2
23393.7587881088256836e-2
22723.3544063568115234e-2
25714.092550277709961e-2
25954.353928565979004e-2
61909.932184219360352e-2
61980.10331392288208008
23643.5854339599609375e-2
24183.9513587951660156e-2
78800.11627793312072754
78470.12987065315246582
50408.529973030090332e-2
60050.13332509994506836
59350.10176205635070801
51098.448004722595215e-2
3756.357431411743164e-3
3856.7250728607177734e-3
28745.563664436340332e-2
38925.902695655822754e-2
3855.6645870208740234e-3
4005.949497222900391e-3
71240.12127161026000977
68900.12087106704711914
57899.881591796875e-2
54609.154319763183594e-2
46327.549858093261719e-2
46687.07712173461914e-2
26904.61575984954834e-2
26404.036450386047363e-2
82180.151200532913208
68900.12272787094116211
29544.9627065658569336e-2
27724.4759273529052734e-2
46327.572054862976074e-2
46687.242488861083984e-2
26194.693031311035156e-2
26404.126572608947754e-2
31865.123400688171387e-2
33585.747580528259277e-2
96290.16376280784606934
96200.16499876976013184
93310.16130661964416504
94980.15958142280578613
27704.7559499740600586e-2
27884.585123062133789e-2
24885.037498474121094e-2
31875.1740169525146484e-2
45629.245419502258301e-2
61990.10035967826843262
35276.13102912902832e-2
51370.1012871265411377
50208.958888053894043e-2
51088.345746994018555e-2
88770.1531541347503662
87560.1507735252380371
61050.1001124382019043
59769.941744804382324e-2
12252.7185916900634766e-2
13433.1080961227416992e-2
44657.321643829345703e-2
45507.561039924621582e-2
99950.16679000854492188
97000.1606428623199463
78310.13956379890441895
81870.13987517356872559
37636.452417373657227e-2
35916.406784057617188e-2
32385.667376518249512e-2
33035.844593048095703e-2
33985.599498748779297e-2
31395.821537971496582e-2
33555.400514602661133e-2
33705.705881118774414e-2
31375.533885955810547e-2
30015.405092239379883e-2
32328.187985420227051e-2
35128.427166938781738e-2
31795.464363098144531e-2
34106.383109092712402e-2
38866.16762638092041e-2
39296.320333480834961e-2
13983.32484245300293e-2
13733.2218217849731445e-2
22143.567671775817871e-2
22613.939461708068848e-2
92290.16612577438354492
94030.15736913681030273
22634.489398002624512e-2
19583.686881065368652e-2
33506.813764572143555e-2
44857.139134407043457e-2
10291.5862464904785156e-2
11501.9469499588012695e-2
22143.71098518371582e-2
22613.944849967956543e-2
32585.5342674255371094e-2
33005.705618858337402e-2
19073.28829288482666e-2
17793.0759096145629883e-2
46730.11065173149108887
50850.12338089942932129
21183.603196144104004e-2
20723.398919105529785e-2
61520.11071491241455078
63400.1053926944732666
62780.10318779945373535
62920.11288070678710938
67400.13840794563293457
58119.656691551208496e-2
27574.594087600708008e-2
1542.3186206817626953e-3
45966.70619010925293e-2
3706.251811981201172e-3
75390.1210322380065918
36625.976057052612305e-2
51659.76111888885498e-2
74040.12531757354736328
72840.12210273742675781
87350.1539011001586914
78470.13488101959228516
23074.3505191802978516e-2
21403.515481948852539e-2
37709.001946449279785e-2
37528.945512771606445e-2
15073.18446159362793e-2
12512.6363849639892578e-2
41546.738829612731934e-2
41506.545162200927734e-2
48718.209896087646484e-2
48187.863998413085938e-2
46327.378005981445313e-2
46687.251405715942383e-2
26904.7918081283569336e-2
26404.241466522216797e-2
51910.10409188270568848
45027.673788070678711e-2
47488.698201179504395e-2
36696.300830841064453e-2
97200.17031288146972656
95190.16719722747802734
48998.309125900268555e-2
48198.445167541503906e-2
29385.380535125732422e-2
26804.371476173400879e-2
52270.10286927223205566
43947.38060474395752e-2
43597.257485389709473e-2
43427.043600082397461e-2
46040.1218576431274414
50069.33692455291748e-2
25784.334759712219238e-2
29135.2542686462402344e-2
17833.347635269165039e-2
16902.880382537841797e-2
99300.16763806343078613
32695.56643009185791e-2
31055.124497413635254e-2
49588.378100395202637e-2
51738.985185623168945e-2
31855.273032188415527e-2
76280.11990571022033691
75930.12240123748779297
88790.1767745018005371
79720.12573528289794922
59650.11563253402709961
44377.109975814819336e-2
27355.3234100341796875e-2
22034.1861772537231445e-2
19353.41792106628418e-2
19273.169536590576172e-2
5621.0054588317871094e-2
5341.3808965682983398e-2
22684.254436492919922e-2
20583.5685062408447266e-2
16313.7990570068359375e-2
18674.386281967163086e-2
11541.6484498977661133e-2
11681.674056053161621e-2
18352.9111385345458984e-2
18282.865910530090332e-2
13962.2699594497680664e-2
13712.5378704071044922e-2
66480.11612725257873535
65550.10539913177490234
85750.17321014404296875
76300.13058757781982422
12311.974344253540039e-2
13312.187204360961914e-2
79270.12496519088745117
82280.1344766616821289
5109.846925735473633e-3
5998.753538131713867e-3
35647.536196708679199e-2
51148.395600318908691e-2
33386.709408760070801e-2
35435.6856632232666016e-2
21393.742241859436035e-2
19383.130316734313965e-2
49459.078407287597656e-2
41786.268095970153809e-2
35066.490969657897949e-2
39786.403756141662598e-2
